1.147740106239901525e+00
-2.533916451901671030e-01
1.000000000000000000e+00
9.402405289156225976e-01
-1.318469957232996315e+00
0.000000000000000000e+00
-1.641560054129250545e+00
2.076088168250308286e+00
0.000000000000000000e+00
1.084597313832255550e+00
-5.798110379670970982e-01
1.000000000000000000e+00
-1.047253730880207234e+00
3.775717305215562369e-01
1.000000000000000000e+00
-5.523044159974987988e-02
2.867615598652027975e-01
1.000000000000000000e+00
-8.650987273458379256e-01
-6.184942527726007278e-01
1.000000000000000000e+00
8.971258634971863710e-01
-1.177051955303592967e+00
1.000000000000000000e+00
-6.066112378412831241e-01
1.370897179041679292e+00
0.000000000000000000e+00
-1.008771036341067795e+00
7.941799179752403459e-01
0.000000000000000000e+00
8.493003227548585610e-01
-1.237235138445654359e+00
1.000000000000000000e+00
-2.241167166863052174e+00
2.270271520500294127e+00
0.000000000000000000e+00
1.130585061583579964e+00
-8.366869574724687952e-01
0.000000000000000000e+00
-7.975104735776790132e-01
7.959613640016918179e-01
1.000000000000000000e+00
9.449810476220116273e-01
-1.104048613508551213e+00
1.000000000000000000e+00
9.705127007161232777e-01
-1.482728492115786390e+00
0.000000000000000000e+00
-2.061409312789889370e+00
2.581973202794114464e+00
1.000000000000000000e+00
-1.165385016188989376e+00
1.410656751440594325e+00
1.000000000000000000e+00
-1.564721597426451671e+00
1.460150764251318289e+00
1.000000000000000000e+00
6.488894538157601311e-01
-2.492329529691931445e+00
0.000000000000000000e+00
-1.166123470734444112e+00
9.327918690769594345e-01
1.000000000000000000e+00
-1.413301821201114139e+00
1.138585523188128557e+00
1.000000000000000000e+00
-3.693201097191920468e-01
-5.135526942835839659e-01
0.000000000000000000e+00
-3.845129499548443075e-01
5.286085935288002968e-01
0.000000000000000000e+00
4.593566397757129494e-01
-7.053268913126291562e-01
1.000000000000000000e+00
-6.043892928320888647e-01
1.641316865229015765e+00
0.000000000000000000e+00
8.709667401246208307e-01
-6.802354096229861202e-01
0.000000000000000000e+00
1.016417512732816331e+00
-7.330782338732386716e-01
1.000000000000000000e+00
-8.702933346874354159e-01
1.070024164741337325e+00
1.000000000000000000e+00
1.120075706994096532e+00
-5.242752001517654303e-01
1.000000000000000000e+00
9.446232655557996738e-01
-1.528086206641110056e+00
0.000000000000000000e+00
7.693363788474906206e-01
-1.388914235699078459e+00
0.000000000000000000e+00
-8.381401866419855295e-01
9.216031560827644409e-01
1.000000000000000000e+00
-1.284415122896505057e+00
2.195135626539569174e+00
1.000000000000000000e+00
9.317101317163672958e-01
-8.308342136529081046e-01
0.000000000000000000e+00
1.307043624686635042e+00
-7.092947033611629593e-02
0.000000000000000000e+00
1.089312878130969331e+00
-3.271464097074178179e-01
0.000000000000000000e+00
-1.938138625010660476e+00
2.483189441009177045e+00
0.000000000000000000e+00
-1.469326354129993906e+00
8.633029543072302525e-01
1.000000000000000000e+00
5.354416821192919951e-01
-2.729196607350890424e+00
1.000000000000000000e+00
8.704606679373451117e-01
-1.146754456351796847e+00
0.000000000000000000e+00
7.676946412844757317e-01
-1.494765194782617268e+00
1.000000000000000000e+00
9.268917733684030047e-01
-1.545004138765158963e+00
1.000000000000000000e+00
-1.175672203307096320e+00
9.675102573485316881e-01
0.000000000000000000e+00
-1.365259233176805864e+00
2.990614063651685584e+00
1.000000000000000000e+00
-1.357801347613288190e+00
4.372299404633105402e-01
0.000000000000000000e+00
-1.262894422965356256e+00
5.707730952906553412e-01
1.000000000000000000e+00
7.117286279103461899e-01
-1.103711628242575848e+00
1.000000000000000000e+00
9.758516488147450652e-02
1.457559141615063503e-01
0.000000000000000000e+00
1.016790848146962079e+00
-9.396813811205275702e-01
1.000000000000000000e+00
1.251271939767093944e+00
1.526822569221681913e-01
0.000000000000000000e+00
-8.556087917051812264e-01
1.961881774554391722e+00
1.000000000000000000e+00
-2.394587449186960093e+00
2.763682092439593951e+00
0.000000000000000000e+00
-3.228287917313895639e-01
3.423033075350034871e-01
0.000000000000000000e+00
1.100576911855765339e+00
-9.821540488730130525e-01
0.000000000000000000e+00
-1.083672221226769761e+00
2.687892286681564435e+00
0.000000000000000000e+00
9.153105700556567470e-01
-9.103205233576535660e-01
0.000000000000000000e+00
8.819642176974326064e-01
-1.528899408876333244e+00
1.000000000000000000e+00
9.597516094910082396e-01
-1.190352929224016476e+00
1.000000000000000000e+00
9.638679135826533351e-01
-1.137012160986048404e-01
1.000000000000000000e+00
1.251876358855661397e+00
-2.772421488755973940e-01
1.000000000000000000e+00
-2.213993882778773958e+00
2.015119800280755324e+00
0.000000000000000000e+00
-2.557605453561699438e+00
2.510448827861587962e+00
1.000000000000000000e+00
1.097768748332749400e+00
-9.718303477018698233e-01
0.000000000000000000e+00
-5.123957137874052270e-01
-2.363187551040062395e-01
0.000000000000000000e+00
1.095986448722118700e+00
-8.820052285533932501e-01
1.000000000000000000e+00
-4.319660080624910803e-01
8.593746082762915295e-01
1.000000000000000000e+00
1.122153587293717170e+00
-1.667676707650348700e+00
1.000000000000000000e+00
-1.020950152764092955e+00
4.324442126014123033e-01
0.000000000000000000e+00
-9.636586298499352221e-01
1.161141129136965544e+00
0.000000000000000000e+00
-1.126354930873713744e+00
1.316925506438082483e+00
1.000000000000000000e+00
1.158999319975242859e+00
-7.127676312077810827e-01
0.000000000000000000e+00
-1.547845332215881609e+00
1.341991194342344595e+00
0.000000000000000000e+00
-2.496681884926085893e+00
1.021936587414043585e+00
1.000000000000000000e+00
-1.065586469392205915e+00
5.088014259164952424e-01
0.000000000000000000e+00
-4.176564107868299125e-01
1.513218573170158621e+00
0.000000000000000000e+00
9.247232423485720609e-01
-1.209680899860385406e+00
1.000000000000000000e+00
1.091643123468262866e+00
-5.846612815984131295e-01
1.000000000000000000e+00
-1.533751632402803988e+00
1.606009525889191547e+00
0.000000000000000000e+00
-1.502047721290442395e+00
6.224072961015415517e-01
1.000000000000000000e+00
-6.433854668164040724e-01
6.404127712693443719e-01
1.000000000000000000e+00
5.994004027276345070e-02
6.720725126358111368e-01
0.000000000000000000e+00
1.048096144141807073e+00
-1.035044610173891932e+00
1.000000000000000000e+00
7.500546933166927221e-01
-1.366724471871882951e+00
0.000000000000000000e+00
1.257322546856894263e+00
-7.924434257484225252e-02
0.000000000000000000e+00
8.762764030471408283e-01
-1.638513395060793298e+00
1.000000000000000000e+00
8.500579046942023931e-01
-1.160637013724176825e+00
1.000000000000000000e+00
-1.209438214960020241e+00
1.442929332962046285e+00
1.000000000000000000e+00
-1.161274624497137253e+00
4.978485878939135079e-01
0.000000000000000000e+00
2.780395010755496443e-01
-5.890433395141159156e-01
1.000000000000000000e+00
-1.048415245047441990e+00
3.473704590866006914e-01
0.000000000000000000e+00
-4.295054500531891861e-01
1.201140251024147343e+00
1.000000000000000000e+00
-8.999733757423596936e-01
1.231474121586263237e+00
1.000000000000000000e+00
1.033208089081519843e+00
-8.650579764011744333e-01
0.000000000000000000e+00
1.035642241931595819e+00
-1.009950687232934241e+00
1.000000000000000000e+00
-1.245809402800095445e+00
2.314454229613995384e+00
0.000000000000000000e+00
1.041871847374367999e+00
-1.133890609092689683e+00
1.000000000000000000e+00
-9.670790181734381097e-01
9.939469045748323683e-01
0.000000000000000000e+00
9.098674462753848502e-01
-1.015687436238990493e+00
0.000000000000000000e+00
-1.945958929714083352e+00
3.060691388344757513e+00
1.000000000000000000e+00
1.083784238626962049e+00
-5.499512359801326244e-01
1.000000000000000000e+00
1.072178401656399549e+00
-1.178921779201238529e+00
1.000000000000000000e+00
7.049133125743376471e-01
-1.466875993005192447e+00
1.000000000000000000e+00
9.507381944781551075e-01
-1.137624523601562521e+00
1.000000000000000000e+00
-9.272102402308386448e-01
1.788732471192249207e-01
0.000000000000000000e+00
-8.249795329622288120e-01
9.141770904633116368e-01
1.000000000000000000e+00
9.416212454630744633e-01
-7.549294455855850572e-01
1.000000000000000000e+00
1.032739157880373071e+00
-9.249483198461136979e-01
0.000000000000000000e+00
1.322504931063801958e+00
-2.203521353006387962e-01
0.000000000000000000e+00
9.203333009655717545e-01
-1.002221716269840801e+00
1.000000000000000000e+00
-1.069711102660142910e+00
1.531413271870904147e+00
0.000000000000000000e+00
-2.697043493404167602e-01
-1.470467108538657808e-01
0.000000000000000000e+00
-1.032162845995517886e+00
1.494270414583830586e+00
0.000000000000000000e+00
9.409154566916971829e-01
-9.829118076388339009e-01
1.000000000000000000e+00
1.035115018431196576e+00
-7.357308178770830542e-01
1.000000000000000000e+00
3.524899736003708206e-01
-1.007103358868533416e+00
1.000000000000000000e+00
-1.419869861636133601e+00
3.159496479239589650e-01
1.000000000000000000e+00
1.053371348608987290e+00
-6.087300859422324351e-01
1.000000000000000000e+00
-8.917127405531223294e-01
-9.094652234920890255e-01
0.000000000000000000e+00
-1.192318729739150651e+00
1.121117048206411670e+00
0.000000000000000000e+00
9.843381011295677663e-01
-1.438871820088714282e+00
1.000000000000000000e+00
1.174581840783079478e+00
-4.523849255638235922e-01
1.000000000000000000e+00
-1.048068529938392945e+00
2.205390676343462530e+00
0.000000000000000000e+00
8.843695278498345802e-01
-1.277376747797712486e+00
0.000000000000000000e+00
1.123713267264112137e+00
-3.337901224094999009e-01
1.000000000000000000e+00
-1.817799685270205412e+00
2.141324298908719115e+00
1.000000000000000000e+00
-8.466388618058562354e-01
4.019331080316329574e-01
0.000000000000000000e+00
8.519060938644319458e-01
-1.296868837720292600e+00
1.000000000000000000e+00
9.195419952160722721e-01
-9.182475644652827729e-01
1.000000000000000000e+00
-9.776161799591370771e-01
5.495179670296062024e-01
1.000000000000000000e+00
-1.228598778998056806e-01
1.057565706210712442e+00
0.000000000000000000e+00
-1.140544584893160573e+00
2.286107479404100307e-01
1.000000000000000000e+00
-6.391522036216796820e-01
9.545297461377609816e-01
0.000000000000000000e+00
-2.023964790256360224e+00
1.992495110036438977e+00
1.000000000000000000e+00
-2.054785244885227513e+00
1.924143063351031913e+00
1.000000000000000000e+00
9.309323782604733699e-01
-8.995096942613217683e-01
1.000000000000000000e+00
1.113626843261936727e+00
-8.274282421003634758e-01
1.000000000000000000e+00
9.774516474907647412e-01
-1.230068649558632377e+00
1.000000000000000000e+00
-3.652124604402697816e-01
6.790130195857757567e-01
1.000000000000000000e+00
-5.164376626836235662e-01
1.130514013466200840e+00
0.000000000000000000e+00
8.404445390101735747e-01
-1.528838098538337409e+00
0.000000000000000000e+00
1.183424029876857686e+00
-3.814920989258139272e-01
1.000000000000000000e+00
7.633277952707182568e-01
-1.180350296087983919e+00
0.000000000000000000e+00
-4.026154512766431104e-01
-6.114588402692351377e-01
0.000000000000000000e+00
-1.534419290529656310e+00
2.433070184230423649e+00
1.000000000000000000e+00
-4.942647682205968396e-01
9.666112944261263662e-01
1.000000000000000000e+00
8.326811691152576911e-01
-1.582775261077513207e+00
1.000000000000000000e+00
-1.580769235959085250e+00
2.851471812926029692e+00
1.000000000000000000e+00
-2.230236641114081708e-01
-6.741076192898765029e-02
1.000000000000000000e+00
6.641886457903682928e-01
-1.951981880607258635e+00
1.000000000000000000e+00
7.827659487048447273e-01
-1.423133947390341492e+00
1.000000000000000000e+00
-9.722238914690449763e-01
1.156997512758412450e+00
0.000000000000000000e+00
-9.749361598780951210e-01
1.067129608795082119e+00
1.000000000000000000e+00
-6.369259110356689790e-01
6.496759987044695706e-01
0.000000000000000000e+00
-9.545503944485790315e-01
1.206352069134169369e+00
0.000000000000000000e+00
-7.797719566515077805e-01
9.947773833428239509e-01
0.000000000000000000e+00
8.845870518321243825e-01
-2.064488070213712501e+00
1.000000000000000000e+00
1.304839384838334171e+00
-1.653301194182114076e-01
1.000000000000000000e+00
8.977720996110641893e-01
-1.521401329212903608e+00
1.000000000000000000e+00
1.168598631215594263e+00
-3.492313028888898163e-01
0.000000000000000000e+00
-5.816585424445686048e-01
1.685824429477295272e+00
1.000000000000000000e+00
9.935754261860214598e-01
-1.153435867765320699e+00
1.000000000000000000e+00
-9.901655609230967103e-01
1.523072918509457807e+00
1.000000000000000000e+00
1.117134385176183908e+00
-6.925579940117658762e-01
0.000000000000000000e+00
8.406125113053672937e-01
-1.142614959951167242e+00
1.000000000000000000e+00
-5.714317912262720789e-01
-5.196401344721548465e-01
1.000000000000000000e+00
-9.202938203911894544e-01
5.334071481511668544e-01
0.000000000000000000e+00
-1.008821775920465180e+00
3.924805960287051088e-01
1.000000000000000000e+00
1.326397997063748502e+00
-2.516751961177381425e-01
1.000000000000000000e+00
-1.708824357205822597e-01
-6.859449843199552088e-01
1.000000000000000000e+00
1.015343960799744094e+00
-8.020057083252243313e-01
1.000000000000000000e+00
-1.503216344298468510e+00
1.497661519167686972e+00
1.000000000000000000e+00
1.058781049739737856e+00
-8.930983415464178732e-01
1.000000000000000000e+00
8.159289452303508661e-01
-1.517344835505102463e+00
0.000000000000000000e+00
1.191718994197825010e+00
-7.162494703560313702e-01
1.000000000000000000e+00
-1.263555220600381279e+00
1.719172625855650338e+00
1.000000000000000000e+00
-1.899645343490456550e+00
1.635168088202816783e+00
1.000000000000000000e+00
8.470028763407215777e-01
-1.743224720759751545e+00
1.000000000000000000e+00
-5.254181048793107323e-01
-2.555761070690818482e-01
0.000000000000000000e+00
7.478768479244415346e-01
-1.603128214933374984e+00
0.000000000000000000e+00
1.023327769826917644e+00
-7.277276962883669764e-01
1.000000000000000000e+00
1.133654935157333066e+00
-9.933498068704323947e-01
0.000000000000000000e+00
-3.889168339754516257e-01
1.167042991974885036e+00
0.000000000000000000e+00
-5.463997466511351098e-01
4.415765719969552139e-01
0.000000000000000000e+00
1.453710190142240677e+00
-1.152892794997262271e-01
1.000000000000000000e+00
1.038534219189388930e+00
-9.419982777431342713e-01
1.000000000000000000e+00
9.369892519458919988e-01
-9.770411018125658709e-01
0.000000000000000000e+00
-1.917896893460363961e+00
1.548183863795935311e+00
1.000000000000000000e+00
9.051034396253634373e-01
-1.007131133112253218e+00
1.000000000000000000e+00
7.521210854278892466e-01
-1.491312025568584776e+00
1.000000000000000000e+00
6.588916814557744805e-01
-2.177833095969692323e+00
0.000000000000000000e+00
1.023873879497176231e+00
-9.690719599305767096e-01
0.000000000000000000e+00
-1.450985033244109434e+00
1.400761624760407997e+00
1.000000000000000000e+00
-8.828106650100489006e-01
1.168967873944242175e+00
0.000000000000000000e+00
9.249164297216768693e-01
-9.867005995838916688e-01
1.000000000000000000e+00
1.116252807187333440e+00
-1.141317957142164108e+00
1.000000000000000000e+00
-1.014150009886620740e-01
8.464097044530293212e-01
1.000000000000000000e+00
6.347628959939355386e-01
-1.504522614791700130e+00
0.000000000000000000e+00
1.198469580043795002e+00
-1.273349809549335632e-01
1.000000000000000000e+00
-5.858393797752448062e-02
-2.698513765436025835e-01
0.000000000000000000e+00
1.031102377652261870e+00
-8.540721353186434550e-01
1.000000000000000000e+00
-1.598892871003309679e+00
2.039194986769278239e-01
0.000000000000000000e+00
9.079014581141697793e-01
-1.170499132542814902e+00
1.000000000000000000e+00
-5.244667441362873550e-01
6.799286777117454772e-01
0.000000000000000000e+00
8.391047815732687321e-01
-9.156660798307449944e-01
1.000000000000000000e+00
-2.533876460120952245e+00
3.144505031319348554e+00
1.000000000000000000e+00
-9.976459567230985259e-01
1.983194928099271337e+00
0.000000000000000000e+00
-9.766477200112000379e-01
1.495708874940223421e+00
1.000000000000000000e+00
7.573135772935966070e-01
-1.480237798933378812e+00
1.000000000000000000e+00
9.062479475750140345e-01
-1.713333848663654901e+00
0.000000000000000000e+00
1.268408467981219090e+00
-6.523797389048722195e-01
1.000000000000000000e+00
1.116363806013256132e+00
-7.068215090648890531e-01
1.000000000000000000e+00
9.563825560480817556e-01
-1.004124399983693738e+00
0.000000000000000000e+00
-6.346630771552730366e-01
3.253234334899361979e-01
1.000000000000000000e+00
1.168163090633428158e+00
-6.129147057784505304e-01
0.000000000000000000e+00
-1.561740378145125785e+00
2.029122956958252288e+00
1.000000000000000000e+00
9.593604241628759244e-01
-9.471168826959209808e-01
0.000000000000000000e+00
-8.321219250687893476e-01
2.633682080016140903e-01
0.000000000000000000e+00
-3.573216939931198599e-01
-2.655830324253316554e-02
1.000000000000000000e+00
-2.233371768490174381e-01
4.872327193591668992e-01
1.000000000000000000e+00
1.010278274863200876e+00
-1.434464256308145114e+00
0.000000000000000000e+00
-1.313450738688737296e+00
2.192260727952518806e+00
0.000000000000000000e+00
8.640520040995063322e-01
-1.711810734561646008e+00
1.000000000000000000e+00
9.139640452814190574e-01
-1.040872211900376154e+00
1.000000000000000000e+00
-1.894845964992837084e+00
3.977483206647358660e+00
0.000000000000000000e+00
3.642206230626837682e-01
-3.146722208992192460e+00
1.000000000000000000e+00
9.578254023429655373e-01
-1.540574804428457290e+00
1.000000000000000000e+00
1.742559793578342120e-01
4.247167837217011854e-01
1.000000000000000000e+00
1.362620049077697848e+00
4.535783564479967112e-02
1.000000000000000000e+00
1.029273985552005000e+00
-8.652811312900621221e-01
1.000000000000000000e+00
-1.039138710532025334e+00
4.074211029228815839e-01
1.000000000000000000e+00
9.014058535028944830e-01
-8.000381005907396537e-01
0.000000000000000000e+00
-1.039162826980449372e+00
1.192289302485905811e+00
0.000000000000000000e+00
8.776719838974221810e-01
-1.044579439670787036e+00
0.000000000000000000e+00
1.797157404356436672e+00
8.074413648547200673e-01
1.000000000000000000e+00
1.485160581162588533e+00
1.641961841516881293e-01
1.000000000000000000e+00
-3.447262149794204644e-01
-5.806103487628511139e-02
0.000000000000000000e+00
-9.901007574098115160e-01
7.118431215853688876e-01
0.000000000000000000e+00
1.197509802245373622e+00
-2.777659864017441027e-01
0.000000000000000000e+00
-2.108971926156373300e+00
5.495513347792689851e-01
1.000000000000000000e+00
-1.492124237343436688e+00
1.184843859009212075e+00
0.000000000000000000e+00
-2.774273789285758518e+00
2.282351508454119493e+00
0.000000000000000000e+00
-8.154302276357898727e-01
4.781574079105859187e-01
1.000000000000000000e+00
-1.338142087951103454e+00
1.057918463185058888e+00
0.000000000000000000e+00
6.482031655676825377e-01
-1.617750868237796791e+00
0.000000000000000000e+00
1.346636811197494898e+00
-4.099763926846955453e-01
1.000000000000000000e+00
6.746371408807341208e-01
-1.899672744237741906e+00
1.000000000000000000e+00
-1.472681543604703824e+00
1.536279480111623741e+00
0.000000000000000000e+00
8.657186535048462250e-01
-1.124692910174649452e+00
0.000000000000000000e+00
-1.707361012578895387e+00
2.066032368757219295e+00
0.000000000000000000e+00
-1.346814505199292133e+00
1.885401670295038690e+00
0.000000000000000000e+00
1.209638972457828254e+00
-5.830845043687276075e-01
1.000000000000000000e+00
5.996382436977487629e-01
-1.798761988454173233e+00
1.000000000000000000e+00
-1.116133721852569538e+00
-1.577164233239405355e-01
0.000000000000000000e+00
-1.763116807114917250e+00
3.004654143297903701e+00
0.000000000000000000e+00
-2.244787540231079959e+00
1.007990715669342840e+00
0.000000000000000000e+00
1.003290624128808428e+00
-7.972501243547104322e-01
0.000000000000000000e+00
-1.310305150897148163e+00
5.721043443246286442e-01
1.000000000000000000e+00
-9.300102160904322179e-01
-1.827149122021287653e-02
0.000000000000000000e+00
6.999432997736702022e-01
-1.523229275498654056e+00
1.000000000000000000e+00
-2.944022532640515610e-01
2.438956930599457174e+00
0.000000000000000000e+00
9.181234767002593999e-01
-1.378827424036870086e+00
1.000000000000000000e+00
1.170881331018488680e+00
-1.219051134959653337e-01
1.000000000000000000e+00
1.130780749522157569e+00
-9.927271349455315530e-01
1.000000000000000000e+00
9.269741264254269808e-01
-1.038102731983611804e+00
1.000000000000000000e+00
1.162940587004564374e+00
-7.080361558286887291e-01
0.000000000000000000e+00
-6.335321671405429456e-01
7.944163683142235755e-01
1.000000000000000000e+00
-2.717068053555641294e-01
1.028846878254579655e+00
0.000000000000000000e+00
1.469723826926457200e+00
-1.728229616989399586e-01
1.000000000000000000e+00
1.087244945944883190e+00
-1.102255146993190271e+00
1.000000000000000000e+00
9.223087313071739457e-01
-1.704869002731145722e+00
0.000000000000000000e+00
-1.020970161311849145e+00
8.967669537075309005e-01
0.000000000000000000e+00
2.542569618593906178e-01
1.257420648579728351e+00
0.000000000000000000e+00
-1.418365483419605111e+00
2.254776798624550160e+00
0.000000000000000000e+00
-1.982309071285895286e+00
7.462546698784531252e-01
1.000000000000000000e+00
-1.105768658638786706e+00
4.049708114999126529e-01
1.000000000000000000e+00
-1.229722802679472204e+00
6.702878716485147770e-01
0.000000000000000000e+00
1.042362387703182902e+00
-1.011046151442972052e+00
0.000000000000000000e+00
8.880452252830226545e-01
-1.339906057989632915e+00
1.000000000000000000e+00
1.581021454419175853e-01
4.215033416050593118e-01
0.000000000000000000e+00
7.644074365154361894e-01
-1.845661553446958703e+00
0.000000000000000000e+00
2.816500505154164724e-01
-3.934039626818601754e-01
0.000000000000000000e+00
7.479362956740160939e-01
-1.423904325868254883e+00
1.000000000000000000e+00
5.274646564977558683e-03
8.169832813065709409e-01
0.000000000000000000e+00
-5.624211958544458323e-01
8.410549977264405452e-01
1.000000000000000000e+00
1.033990598964982910e+00
-1.010681864200160041e+00
0.000000000000000000e+00
9.939682610991888989e-01
-1.166412506319769449e+00
0.000000000000000000e+00
1.458316509540117600e+00
1.045209191111042824e-01
0.000000000000000000e+00
9.111184516883312767e-01
-1.113545852095211064e+00
1.000000000000000000e+00
7.237613526523931640e-01
-1.844136550078268266e+00
1.000000000000000000e+00
-9.640531215686931610e-02
-3.223174090802916059e-01
0.000000000000000000e+00
-1.415996567075272994e+00
1.584481939077089008e+00
0.000000000000000000e+00
1.893212894316593786e-01
-1.275918360679897834e+00
0.000000000000000000e+00
-1.142970896998602992e+00
1.052475948992489529e+00
1.000000000000000000e+00
-2.117278470468169083e+00
2.175365637775639627e+00
1.000000000000000000e+00
-9.290114962427487022e-01
1.763353155210805934e+00
0.000000000000000000e+00
-3.493000787978451926e-01
7.489388413813322654e-01
1.000000000000000000e+00
-6.230823886343801465e-01
9.977780399648288334e-01
0.000000000000000000e+00
8.173786895215517934e-01
-1.030795621854437405e+00
0.000000000000000000e+00
9.081000609405172064e-01
-1.196375120326463648e+00
1.000000000000000000e+00
-4.230588741593960256e-01
3.786102541639279062e-01
0.000000000000000000e+00
-4.916373446929351854e-01
-3.711209357814198029e-01
0.000000000000000000e+00
-1.839171211091366054e+00
1.951586689653404427e+00
0.000000000000000000e+00
1.145165576007178387e+00
-3.445147429998912658e-01
0.000000000000000000e+00
-1.010677572732232354e+00
1.014958810738855410e+00
1.000000000000000000e+00
-5.892538547138099769e-01
1.453006679794137668e-01
0.000000000000000000e+00
1.033995157820671196e+00
-1.300281176330071897e+00
1.000000000000000000e+00
7.241657225444950718e-01
-1.792088069096541725e+00
1.000000000000000000e+00
1.134394473344500831e+00
-6.342636591408363778e-01
1.000000000000000000e+00
1.166265039981266849e+00
-6.971173391044933609e-01
0.000000000000000000e+00
8.137463955125433523e-01
-1.262499303911306381e+00
0.000000000000000000e+00
-2.141955931595879825e+00
1.550593175765931253e+00
0.000000000000000000e+00
-7.211198220724157615e-01
2.260954289088319413e-01
0.000000000000000000e+00
-1.105401005527602454e+00
7.075768557230521782e-01
0.000000000000000000e+00
8.189159066268942855e-01
-1.540103420880477580e+00
0.000000000000000000e+00
1.005151710588527258e+00
-1.298508493778285811e+00
0.000000000000000000e+00
-4.953060658975776409e-01
-5.738495224372659465e-01
0.000000000000000000e+00
1.177001252997555536e+00
-1.975472285864109390e-01
0.000000000000000000e+00
6.877648756208334380e-01
-1.362158912222665386e+00
1.000000000000000000e+00
1.022542023473256734e+00
-8.482315412666585619e-01
1.000000000000000000e+00
1.033219420975864056e+00
-1.043822613603391236e+00
1.000000000000000000e+00
9.365683684967877065e-01
-1.508713324926544974e+00
0.000000000000000000e+00
-1.389262817188924526e+00
1.122695326597177523e+00
1.000000000000000000e+00
8.173955454082472150e-01
-1.354815973570696830e+00
0.000000000000000000e+00
1.028465285994664136e+00
-7.343437857697645565e-01
1.000000000000000000e+00
-3.737172889696298572e-01
1.085064961487446134e+00
0.000000000000000000e+00
-1.228729037137727742e+00
1.733337242370539100e+00
1.000000000000000000e+00
1.080098071196033516e+00
-3.868525816865141520e-01
1.000000000000000000e+00
8.727581028310055222e-01
-1.745809687867753368e+00
1.000000000000000000e+00
-9.867103851033480755e-01
3.341127947648503405e-01
1.000000000000000000e+00
6.357979731683509605e-01
-2.349143704488802165e+00
1.000000000000000000e+00
-1.468234731318653896e+00
1.979117112813783219e+00
0.000000000000000000e+00
1.002512412773924444e+00
-9.637402269639698815e-01
1.000000000000000000e+00
-1.777662205136478324e+00
3.162629252445198436e+00
0.000000000000000000e+00
-3.104945270459226192e-01
1.261008833714192923e+00
1.000000000000000000e+00
9.205217504019238550e-01
-1.132412245924443672e+00
0.000000000000000000e+00
1.145141742588825728e+00
-1.018919071843974233e+00
0.000000000000000000e+00
1.541522531247034644e+00
5.152864929156819596e-01
1.000000000000000000e+00
1.016802637492850936e+00
-1.089943162077985583e+00
1.000000000000000000e+00
-1.226418252484142268e+00
1.104075534335108300e+00
0.000000000000000000e+00
9.849100360062000847e-01
-8.858141606436958915e-01
1.000000000000000000e+00
-1.453096132282277519e+00
1.654169211098072356e+00
0.000000000000000000e+00
-8.471274336927978599e-01
1.586148993256262685e+00
0.000000000000000000e+00
8.128033869583383142e-01
-1.505309293776576407e+00
0.000000000000000000e+00
9.530744220732800809e-01
-1.045412639706415847e+00
0.000000000000000000e+00
-1.175679986283328704e+00
1.490319845026119028e+00
1.000000000000000000e+00
-3.743675646626700715e-01
-4.879871381169835765e-01
0.000000000000000000e+00
-4.942858143942998606e-01
1.437840238626915124e-01
1.000000000000000000e+00
1.121727074428854554e+00
-5.653334451907758851e-01
0.000000000000000000e+00
-1.312190511875888754e+00
1.943101212292853486e+00
1.000000000000000000e+00
-2.888494924967675015e-01
-1.746812865577738183e-01
0.000000000000000000e+00
-9.582002284477272314e-01
1.992397321452734404e+00
0.000000000000000000e+00
-2.276670606733413038e+00
1.767612711528616209e+00
0.000000000000000000e+00
8.235181209232915744e-01
-1.135839944865312257e+00
1.000000000000000000e+00
7.889022590831893389e-01
-1.228963062238982440e+00
0.000000000000000000e+00
-2.109783552668938356e+00
2.459674491079960390e+00
1.000000000000000000e+00
-5.397123689955731773e-01
-6.498510089343683127e-01
1.000000000000000000e+00
-8.260034897764723105e-03
-1.539828406178684883e-01
0.000000000000000000e+00
-9.920037355111696042e-01
5.186131212604176977e-01
0.000000000000000000e+00
9.476867459646699521e-01
-1.114745084625307303e+00
0.000000000000000000e+00
-1.804097205911260104e+00
3.189858241776865277e+00
0.000000000000000000e+00
1.054736017551788807e+00
-1.061648711843879322e+00
1.000000000000000000e+00
-1.857398015949472070e+00
1.430830172802672662e+00
1.000000000000000000e+00
-1.378385442690558405e-01
7.462838748141688017e-01
0.000000000000000000e+00
-3.560382826622816577e-01
-1.111113862998635238e+00
0.000000000000000000e+00
-3.293888761827330480e-01
1.188411464465626288e+00
0.000000000000000000e+00
9.236894533391519779e-01
-1.084612076280037973e+00
0.000000000000000000e+00
-1.060796918763084795e+00
8.030003152580000858e-01
0.000000000000000000e+00
1.157353634050967583e+00
-6.538835312646544828e-01
1.000000000000000000e+00
-3.897828378635193047e-02
4.888004826529739333e-01
1.000000000000000000e+00
6.382202531995684325e-01
-1.958533404569788194e+00
1.000000000000000000e+00
8.054024950011833273e-01
-1.730123981134759958e+00
0.000000000000000000e+00
1.200912189678005282e+00
-6.835727203489178061e-01
1.000000000000000000e+00
5.778860714691302913e-01
-1.975524048846891478e+00
0.000000000000000000e+00
1.235366807851208781e+00
3.402689000945671172e-01
1.000000000000000000e+00
-8.440004565427166039e-01
1.489128605971728359e+00
0.000000000000000000e+00
-1.167866082048719889e+00
1.483517863446176310e+00
0.000000000000000000e+00
1.002142884307570592e+00
-5.554404523514654413e-01
0.000000000000000000e+00
-2.037132025129132717e+00
2.978563109312479806e+00
0.000000000000000000e+00
-2.067016375575891907e+00
2.558580180226916578e+00
0.000000000000000000e+00
-1.616398799901785477e+00
1.549847569604965614e+00
0.000000000000000000e+00
7.364375157147989848e-01
-1.653508838855658691e+00
0.000000000000000000e+00
-1.068781267505482413e+00
1.551074587419313255e+00
0.000000000000000000e+00
1.269009399210496714e-01
-9.254070968329772828e-01
0.000000000000000000e+00
9.847339965722367028e-01
-5.512442380445532475e-01
1.000000000000000000e+00
-1.396427766016917760e+00
1.417147902195844189e+00
0.000000000000000000e+00
8.860923369975813868e-01
-1.031109542334370133e+00
1.000000000000000000e+00
-4.863848501090284326e-01
1.152499580688032932e+00
1.000000000000000000e+00
-9.680745580413042672e-01
4.870840000341909448e-01
1.000000000000000000e+00
1.052788733563512213e+00
-3.814601315211640920e-01
1.000000000000000000e+00
-3.785628975758734693e-01
-6.389340343632585739e-01
1.000000000000000000e+00
8.573825001286784486e-01
-1.537185505089111670e+00
1.000000000000000000e+00
1.294361495125345485e+00
1.653240949513721247e-01
1.000000000000000000e+00
1.166516583037004118e+00
-9.268711752883025401e-01
0.000000000000000000e+00
1.322716938664235675e+00
-5.535634625166221401e-01
1.000000000000000000e+00
1.060874070144991688e+00
-9.129343684022206418e-01
1.000000000000000000e+00
1.015999993240161547e+00
-5.373160187491820006e-01
1.000000000000000000e+00
-6.205966485792645537e-01
8.086647495705643340e-01
0.000000000000000000e+00
-8.221018892280346213e-01
7.320671863909542498e-01
0.000000000000000000e+00
-9.064344963341808281e-01
1.680235237274303017e+00
0.000000000000000000e+00
8.639274761328219476e-01
-1.091256103822287882e+00
1.000000000000000000e+00
-6.298664606989365922e-01
-1.277642295432037667e-01
0.000000000000000000e+00
9.807938456946526662e-01
-1.359161050222845724e+00
0.000000000000000000e+00
1.356095504581387612e+00
4.979843701989437044e-01
1.000000000000000000e+00
-6.913188390690493401e-01
1.316937979809653214e+00
1.000000000000000000e+00
8.948289931868654845e-01
-1.176888959069378959e+00
0.000000000000000000e+00
-1.456287661324019655e+00
1.922808221710923471e+00
0.000000000000000000e+00
1.178065523947676274e+00
-7.927357637788561284e-01
0.000000000000000000e+00
-9.503068752918274464e-01
6.227477775336276444e-01
0.000000000000000000e+00
-9.729061192857934026e-01
1.254050280360045067e+00
1.000000000000000000e+00
-3.597100376489547058e-01
8.640686916658864014e-01
1.000000000000000000e+00
1.100691866236612304e+00
-1.254254239746289912e+00
1.000000000000000000e+00
1.118973859307851759e+00
-1.218049465630477890e+00
1.000000000000000000e+00
1.033885405838951277e+00
-3.465542533654163426e-01
1.000000000000000000e+00
1.048802287394958288e+00
-1.326889690369995822e+00
0.000000000000000000e+00
-1.017242389231193922e+00
1.569406279344489175e+00
0.000000000000000000e+00
9.920260176957461651e-01
-1.190134865973155875e+00
1.000000000000000000e+00
1.310228535797266725e+00
-8.804440739319450149e-01
0.000000000000000000e+00
-1.393896731685705381e+00
1.780087792883187969e+00
0.000000000000000000e+00
1.155133075679835031e+00
-5.119192562602056240e-01
0.000000000000000000e+00
-2.352520583242677654e-01
2.046392431460020145e-02
1.000000000000000000e+00
1.092293962734105728e+00
-9.215680957853076283e-01
1.000000000000000000e+00
8.566509980357966958e-01
-1.522200569583090690e+00
1.000000000000000000e+00
6.240336783217119709e-01
-1.559411006343073502e+00
1.000000000000000000e+00
1.018918688762435298e+00
-1.101560124355247083e+00
0.000000000000000000e+00
-1.072341200572498598e+00
1.104926500311211202e+00
0.000000000000000000e+00
-8.671711413898139931e-01
-3.773575323223532507e-03
1.000000000000000000e+00
-6.761091719006556700e-01
5.007520824218636424e-01
0.000000000000000000e+00
7.575311174660290803e-01
-1.492407306079784224e+00
1.000000000000000000e+00
-1.310441523474883407e+00
1.237033662659564826e+00
1.000000000000000000e+00
8.541276285032349813e-01
-1.565113299698398297e+00
1.000000000000000000e+00
1.000508916733921616e+00
-8.050627108971314394e-01
0.000000000000000000e+00
-1.376667543779594549e+00
1.666214245719531917e+00
0.000000000000000000e+00
-7.483151670653146459e-01
6.695305401658242506e-01
1.000000000000000000e+00
-1.140827287071599860e+00
2.084495408374401393e+00
0.000000000000000000e+00
7.243335876089398440e-01
-1.369860733795238872e+00
1.000000000000000000e+00
6.992718396631775191e-01
-1.826645067944338230e+00
0.000000000000000000e+00
-2.271844620898353817e+00
2.279778830800462508e+00
1.000000000000000000e+00
-1.351841676115035806e+00
1.349994361565777234e+00
0.000000000000000000e+00
-1.111218087973124158e+00
2.464241883987769111e+00
0.000000000000000000e+00
7.010606810441699643e-01
-1.813439767356364918e+00
1.000000000000000000e+00
-1.440112753124667799e+00
1.334903802662101624e+00
0.000000000000000000e+00
-2.615470439067748565e-01
7.317034895745029299e-01
0.000000000000000000e+00
1.098654535234173224e+00
-1.270339323695869993e+00
0.000000000000000000e+00
8.676510164440358608e-01
-1.090009348298403680e+00
1.000000000000000000e+00
-1.487054371284890930e+00
1.906861009131573859e+00
0.000000000000000000e+00
1.111857525881535080e+00
-4.939267473245592122e-01
1.000000000000000000e+00
9.971342159214245937e-01
-1.308715383934642817e+00
1.000000000000000000e+00
-1.294900534592969388e+00
6.193862777672720643e-02
0.000000000000000000e+00
7.404178744898238795e-01
-1.454863685092049552e+00
0.000000000000000000e+00
1.148412458785821766e+00
-5.308304482363088717e-01
1.000000000000000000e+00
-1.469945930082433128e+00
2.557150581681934653e+00
1.000000000000000000e+00
-1.502201915614833627e+00
2.681677254834387014e+00
0.000000000000000000e+00
-1.330590193929038101e+00
2.603562975078068220e+00
0.000000000000000000e+00
-4.195170467761927258e-01
2.529194750031021899e-01
0.000000000000000000e+00
-4.357110857963930606e-01
2.601850427993445125e-01
0.000000000000000000e+00
-8.567558282300340444e-01
4.551858494382682307e-01
0.000000000000000000e+00
7.676987458425251765e-01
-1.721413641702353114e+00
1.000000000000000000e+00
1.033982032581032495e+00
-1.077951626537480445e+00
0.000000000000000000e+00
-7.773179590951045936e-01
3.080868181999401045e-01
1.000000000000000000e+00
-1.647775451065975671e+00
1.001357482530363940e+00
0.000000000000000000e+00
-1.261597038848682795e+00
1.171318647590052775e+00
0.000000000000000000e+00
-2.147559151596550198e+00
2.340138078842996627e+00
0.000000000000000000e+00
1.113427376153174109e+00
-6.520251625148967278e-01
1.000000000000000000e+00
1.251366804177687531e+00
-4.571828413664611457e-01
0.000000000000000000e+00
-1.184937339609554607e+00
1.139551032760366622e+00
0.000000000000000000e+00
-9.208587606756746258e-01
7.374600913245281664e-01
1.000000000000000000e+00
-3.906037690172409205e-01
5.759727405180407045e-01
0.000000000000000000e+00
-1.040496539608054327e+00
2.109891167016021418e-01
0.000000000000000000e+00
1.406503564849137300e+00
8.885332654734123814e-02
1.000000000000000000e+00
-8.676492827905959437e-01
1.699884576647079149e+00
1.000000000000000000e+00
1.154468758536391304e+00
-6.282492174616187697e-01
0.000000000000000000e+00
-8.817879497674052658e-01
1.405513899267525124e+00
0.000000000000000000e+00
6.388183721583866603e-01
-1.699219356296348682e+00
1.000000000000000000e+00
9.211947197413498101e-01
-1.206704927097650204e+00
1.000000000000000000e+00
1.078222759621107141e+00
-9.281175618160975027e-01
0.000000000000000000e+00
-1.190526142840158119e+00
1.857201064695906068e+00
0.000000000000000000e+00
-9.437164107845951166e-01
3.314543811399506268e-03
0.000000000000000000e+00
6.725203231557469463e-01
-2.378978730387534490e+00
1.000000000000000000e+00
1.057219286853753326e+00
-6.084575183604017390e-01
1.000000000000000000e+00
-9.102981245131146482e-01
1.085077777384448883e+00
0.000000000000000000e+00
-6.704401818472647268e-01
1.127153589392815736e+00
0.000000000000000000e+00
1.138833367585582179e+00
-4.574257085627531083e-03
1.000000000000000000e+00
-1.331258500579571846e+00
1.292878841503412923e+00
0.000000000000000000e+00
1.091751478800476294e+00
-1.225527050314445088e+00
1.000000000000000000e+00
-6.577524749797921677e-01
3.887478504281237646e-01
0.000000000000000000e+00
-1.024340511098742246e+00
1.087119529719339450e+00
0.000000000000000000e+00
-9.034613453870757871e-01
1.996401911569913423e+00
0.000000000000000000e+00
7.278650752126839540e-01
-1.526930894508313097e+00
1.000000000000000000e+00
9.423210448866200517e-01
-1.339305036491978296e+00
1.000000000000000000e+00
6.837575393023038739e-01
-1.479355748399336479e+00
1.000000000000000000e+00
1.013578081683486731e+00
-7.663933867796665078e-01
1.000000000000000000e+00
5.075449407013543635e-03
4.420033688109912262e-01
1.000000000000000000e+00
1.125676621327950100e+00
-7.087723270503911710e-01
1.000000000000000000e+00
1.025062206750086968e-01
8.251195958690515919e-02
1.000000000000000000e+00
-8.001518617588300186e-01
4.319657135237213730e-01
0.000000000000000000e+00
9.924299225108941247e-01
-1.137092480358532720e+00
1.000000000000000000e+00
-2.852567413730391355e-01
-9.762995454276612861e-03
0.000000000000000000e+00
7.663407924073537547e-01
-1.195594293884715054e+00
1.000000000000000000e+00
-8.805526486603987291e-01
4.235969242743979901e-01
0.000000000000000000e+00
-1.700556085141948337e+00
1.102670619988425527e+00
1.000000000000000000e+00
-1.517972761557394579e-01
-1.006275074375221568e+00
1.000000000000000000e+00
8.966324525627604736e-01
-8.808534216054094701e-01
1.000000000000000000e+00
1.088619174741529250e+00
-9.383691133854189514e-01
0.000000000000000000e+00
-2.978631975120259456e-01
8.461992778039417740e-01
1.000000000000000000e+00
1.082395189254178547e+00
-9.262147815982474386e-01
1.000000000000000000e+00
-1.106456778998250234e+00
1.729695435859543107e+00
0.000000000000000000e+00
-1.085573772392827596e+00
1.172347592626676205e+00
0.000000000000000000e+00
-2.188717309446914783e+00
1.953571247929770660e+00
0.000000000000000000e+00
-7.515280863868158967e-01
1.060472006493896613e+00
1.000000000000000000e+00
1.061404978356787154e+00
-4.309337976941383097e-01
0.000000000000000000e+00
-5.708780535613946494e-01
1.761766101334455215e+00
1.000000000000000000e+00
9.737288891936907165e-01
-1.112002701845655306e+00
1.000000000000000000e+00
-1.252050586750488526e+00
1.822539953046591554e+00
0.000000000000000000e+00
-1.369732832139635370e+00
2.374869762683613494e+00
1.000000000000000000e+00
1.141512638442989669e+00
-4.272607988325166639e-01
0.000000000000000000e+00
-1.101103612205067694e+00
1.530105320415720005e-02
1.000000000000000000e+00
-2.187245985666708137e+00
2.498544689792052242e+00
1.000000000000000000e+00
1.420465171796560178e+00
-9.704071812379599926e-02
1.000000000000000000e+00
1.146753750833933827e+00
-4.481168150060191868e-01
1.000000000000000000e+00
1.045477381324247057e+00
-1.498287983626839237e+00
1.000000000000000000e+00
1.230225166824448824e+00
-3.300622325851648720e-01
1.000000000000000000e+00
-3.745031633266219240e-01
5.794699815527315501e-01
0.000000000000000000e+00
-6.138573989658688834e-01
1.070541789592204696e+00
1.000000000000000000e+00
4.522391363140590981e-01
-2.003928320581001010e+00
0.000000000000000000e+00
-3.452615276913936215e-01
8.407709873342850138e-02
0.000000000000000000e+00
-1.790181506327094940e+00
2.276772997265950949e+00
0.000000000000000000e+00
-2.200072100786450324e+00
2.029155602786889112e+00
0.000000000000000000e+00
1.067433925060136790e+00
-6.436412938546298701e-01
1.000000000000000000e+00
-1.894369384813350932e+00
2.834804901703441793e+00
0.000000000000000000e+00
1.281591325982593066e+00
-7.760845986145036290e-01
0.000000000000000000e+00
9.829500312101443482e-01
-1.089308062458017590e+00
0.000000000000000000e+00
-1.747804331332435179e+00
1.880142427111963777e+00
0.000000000000000000e+00
1.196043021420150509e+00
-8.128816223496629911e-01
0.000000000000000000e+00
-1.391294867467497864e+00
5.721348322181558643e-01
1.000000000000000000e+00
1.254225335119453888e+00
3.675509168691333262e-01
0.000000000000000000e+00
-1.160392186887828858e+00
1.651994122803122966e+00
0.000000000000000000e+00
1.310979102727713785e+00
-6.835375203154635537e-01
1.000000000000000000e+00
-1.816495677093408645e+00
9.227408400725239934e-01
1.000000000000000000e+00
8.636556979675902301e-01
-1.375979362897382874e+00
1.000000000000000000e+00
9.855559131899219727e-01
-1.112724405444061038e+00
0.000000000000000000e+00
1.080130482442166029e+00
-1.130040662901024229e+00
1.000000000000000000e+00
7.416846265447036846e-01
-1.939543463208360130e+00
0.000000000000000000e+00
3.237208143261154358e-01
-6.114933111789027098e-01
1.000000000000000000e+00
1.156449267112541923e+00
-7.168891558176524459e-01
1.000000000000000000e+00
-5.994204485564439411e-01
-1.583486486602578847e-01
0.000000000000000000e+00
1.123604220254907471e+00
-5.207444400905461013e-01
1.000000000000000000e+00
1.272765798362268885e+00
-4.437703291498275027e-01
0.000000000000000000e+00
1.349245355039310201e+00
-5.152620958491966885e-01
1.000000000000000000e+00
-2.106259883963533808e-01
-3.719341842103318641e-03
0.000000000000000000e+00
-7.556659963132135172e-01
4.522079398151895857e-01
1.000000000000000000e+00
7.786610796143617064e-01
-1.804547156479071823e+00
0.000000000000000000e+00
2.393397827091634511e-01
-6.984066119519609650e-01
0.000000000000000000e+00
2.054259007859549069e-01
-5.965972968037065449e-01
1.000000000000000000e+00
9.237044938242834347e-01
-9.460126808819632194e-01
0.000000000000000000e+00
1.156568942691283075e+00
-1.114153510130002411e+00
1.000000000000000000e+00
-2.461736520938070605e+00
1.242777953011115155e+00
0.000000000000000000e+00
-6.797676420204774583e-01
8.119334464716555511e-01
1.000000000000000000e+00
4.004334998604872631e-01
-9.857528414243583725e-01
1.000000000000000000e+00
9.867366839900872932e-01
-1.050926703343423751e+00
0.000000000000000000e+00
1.157894446259017274e+00
-5.554210642461818725e-01
0.000000000000000000e+00
1.135293244431273552e+00
-3.312852751966949283e-01
1.000000000000000000e+00
1.258852109484007498e+00
-8.604342034994221233e-01
1.000000000000000000e+00
1.406581715028232038e+00
1.494860724429720733e-01
0.000000000000000000e+00
-7.477583195624301071e-01
2.755610271027406633e-01
0.000000000000000000e+00
9.082838183820941547e-01
-1.102409873352454328e+00
1.000000000000000000e+00
-1.272459110671512406e+00
1.507633422073546337e+00
1.000000000000000000e+00
-1.488645461094729727e+00
4.045265509478684907e-01
0.000000000000000000e+00
-7.682370396940184643e-01
8.865667034582702666e-01
0.000000000000000000e+00
1.176781964885223131e+00
-6.897368108549108978e-01
0.000000000000000000e+00
1.009131056895147704e+00
-1.179492899522394778e+00
0.000000000000000000e+00
9.143429744498610123e-01
-1.399354325727577120e+00
1.000000000000000000e+00
-1.483918778736464716e+00
1.682601483653780150e+00
0.000000000000000000e+00
6.236827554663942896e-01
-1.830469118724331157e+00
0.000000000000000000e+00
6.851917063951700193e-01
-1.098368678140855259e+00
1.000000000000000000e+00
-1.573995217506553690e+00
2.408353924303040294e+00
0.000000000000000000e+00
-1.174524389996685958e+00
9.444563989880949695e-02
0.000000000000000000e+00
-2.259940498259949138e+00
2.508666368705680050e+00
0.000000000000000000e+00
-3.185911728442780699e-01
8.894569651363603002e-01
0.000000000000000000e+00
-1.923172094921884234e+00
2.401228095481968694e+00
0.000000000000000000e+00
-2.065325486430310331e+00
3.025706292744247516e+00
0.000000000000000000e+00
-5.995219068855565103e-01
8.800611675266194478e-01
0.000000000000000000e+00
-9.024323425123299547e-01
1.199084143385854562e+00
0.000000000000000000e+00
-1.425686125971904916e+00
1.411263143444754453e+00
0.000000000000000000e+00
1.008081469935977248e+00
-1.086438837914157629e+00
1.000000000000000000e+00
7.130188078913278771e-01
-7.623288612111304152e-01
0.000000000000000000e+00
-1.182176249187525618e+00
1.855677800563568347e+00
1.000000000000000000e+00
-7.487724471201615550e-01
7.036336831074787579e-01
0.000000000000000000e+00
1.092363046502481838e+00
-7.383119247334635205e-01
0.000000000000000000e+00
1.195606677239764881e+00
-6.580416095468873960e-01
1.000000000000000000e+00
-6.570126307941328569e-01
7.609919371785422992e-02
1.000000000000000000e+00
8.915562828826201214e-01
-1.329838766643712145e+00
0.000000000000000000e+00
1.255587754734836192e+00
-2.461062335037418336e-01
1.000000000000000000e+00
8.406975541160293108e-01
-1.210077354111096515e+00
1.000000000000000000e+00
-1.773688605100081972e+00
2.182257141895206587e+00
1.000000000000000000e+00
1.182483448146626870e+00
-5.693430477446517202e-01
1.000000000000000000e+00
9.115157462396237253e-01
-1.468962939934105760e+00
1.000000000000000000e+00
-1.862998551423536764e+00
1.347318211387928288e+00
1.000000000000000000e+00
1.068314588342698990e+00
-8.335209928640727739e-01
1.000000000000000000e+00
8.807883350613918694e-01
-7.566821429291659129e-01
0.000000000000000000e+00
9.635474590782345805e-01
-1.273121775989923155e+00
0.000000000000000000e+00
9.730832890306378991e-01
-9.155791177684310389e-01
1.000000000000000000e+00
1.093620866729818397e+00
-2.607663642488011746e-01
1.000000000000000000e+00
9.815519383677971943e-01
-1.285284087578855816e+00
1.000000000000000000e+00
1.119893630761495062e+00
-5.965987245927282245e-01
1.000000000000000000e+00
1.330873725415657516e+00
-2.684645188435403895e-01
0.000000000000000000e+00
-1.565337126116964850e+00
5.441177970533677133e-01
0.000000000000000000e+00
1.199350432722004589e+00
-6.317810827650920391e-01
1.000000000000000000e+00
1.244210258323004359e+00
-3.734425118829802770e-01
0.000000000000000000e+00
1.113082531846586232e+00
-1.070325256755879417e+00
1.000000000000000000e+00
1.287428902132468522e+00
-7.411480051831602633e-01
1.000000000000000000e+00
-1.286347566304321344e+00
-1.743634120646422314e-01
0.000000000000000000e+00
1.202588171630460945e+00
-1.782942138905098117e-01
0.000000000000000000e+00
1.359284685964168737e+00
1.730716989237328640e-01
1.000000000000000000e+00
-1.121857914426065861e+00
6.475100988038322569e-01
0.000000000000000000e+00
7.310801838387313012e-01
-1.343965798104159726e+00
1.000000000000000000e+00
-5.629361101473415729e-01
1.039013630030021673e+00
1.000000000000000000e+00
1.146194148703289839e+00
-1.104025718459619387e+00
0.000000000000000000e+00
-5.244540701399803551e-01
1.292166964501995530e+00
0.000000000000000000e+00
-6.064668444558800608e-01
7.078753644669133482e-01
0.000000000000000000e+00
8.334716722702506519e-01
-1.399881423438244177e+00
1.000000000000000000e+00
6.575583548001702194e-01
-1.091493086462943740e+00
1.000000000000000000e+00
9.945165322501694494e-01
-1.003677212774999772e+00
1.000000000000000000e+00
1.058164490785252321e+00
-4.830716041979771225e-01
0.000000000000000000e+00
-1.646819489205543219e+00
8.028909950944306262e-01
0.000000000000000000e+00
1.352310841415966580e+00
1.368960382463584313e-01
1.000000000000000000e+00
1.148493145262948767e+00
-1.835731141799066268e-01
0.000000000000000000e+00
9.562200612005674616e-01
-1.440377321116726561e+00
0.000000000000000000e+00
-4.075407210131679614e-01
3.406001683793782320e-01
1.000000000000000000e+00
-6.711128007589042266e-01
7.117806405387827606e-01
1.000000000000000000e+00
1.347450686722168278e+00
-8.077040896825893324e-02
0.000000000000000000e+00
-6.084275215522144675e-01
1.326856367598844733e+00
0.000000000000000000e+00
-2.565481594567475820e+00
1.336826291783465237e+00
1.000000000000000000e+00
-1.056181368691953670e+00
6.591771286517479345e-01
1.000000000000000000e+00
-6.349331370005586450e-01
8.205591899530029210e-01
0.000000000000000000e+00
6.948885099444033209e-01
-1.456604584284866499e+00
0.000000000000000000e+00
-1.096326917263334977e+00
4.426398738915282571e-01
0.000000000000000000e+00
-5.126482301321284574e-01
5.714899771521695371e-01
0.000000000000000000e+00
1.165845190875480775e+00
-7.468388739871303361e-01
0.000000000000000000e+00
9.610845741945434062e-01
-1.265538970361135718e+00
1.000000000000000000e+00
-2.085186734652653584e+00
1.189644761958362551e+00
1.000000000000000000e+00
-8.507922644051620908e-01
-2.513028535239048011e-02
1.000000000000000000e+00
-6.028705326929537645e-01
2.166239307854291418e+00
0.000000000000000000e+00
9.470061856021566582e-01
-7.985903192495091840e-01
0.000000000000000000e+00
6.603118015443313338e-01
-1.868860888262538600e+00
0.000000000000000000e+00
-1.839701585905138437e+00
3.688413108000212492e+00
1.000000000000000000e+00
9.750200717250984139e-01
-7.868912718778189319e-01
1.000000000000000000e+00
1.185661367501931629e+00
-9.187261379897687652e-01
1.000000000000000000e+00
-2.906480649479954437e-01
5.480685615557512325e-01
0.000000000000000000e+00
9.634360706676438069e-01
-1.360804312419205520e+00
1.000000000000000000e+00
1.364390756501940860e-01
1.258786970113360493e+00
0.000000000000000000e+00
1.131625291796310773e+00
-8.260887350878703961e-01
1.000000000000000000e+00
6.606679297010751295e-01
-1.461114166043770535e+00
1.000000000000000000e+00
-1.506215991608567784e+00
1.489050673885935261e+00
0.000000000000000000e+00
1.072134877963814903e+00
-6.954736921863895471e-01
0.000000000000000000e+00
-2.903622663200537968e-01
-8.286752272747843762e-02
1.000000000000000000e+00
9.590917228188122756e-01
-1.265074401172676888e+00
0.000000000000000000e+00
1.406417847634744422e-01
-5.372641268762068378e-02
0.000000000000000000e+00
1.045779940107182560e+00
-8.784761659837579950e-01
0.000000000000000000e+00
-5.137077467635036143e-01
1.982240422054116991e+00
1.000000000000000000e+00
-5.351953461417098268e-01
1.673457454725868043e+00
1.000000000000000000e+00
9.944214621820710587e-01
-1.163048827512669581e+00
1.000000000000000000e+00
9.740187478298345525e-02
-5.078144924196745791e-01
0.000000000000000000e+00
8.402281457340079474e-01
-1.554735777785622108e+00
1.000000000000000000e+00
1.143995432528592815e+00
-6.204099680783191628e-01
1.000000000000000000e+00
-1.142581335163763256e+00
1.303129690506336980e+00
1.000000000000000000e+00
-1.462765099210545205e+00
9.391320388500159488e-01
0.000000000000000000e+00
1.020790857564155329e+00
-8.821368563617801861e-01
1.000000000000000000e+00
-1.693980211286198356e+00
7.495812171402506108e-01
0.000000000000000000e+00
8.544441225183915245e-01
-1.979744043419423338e+00
0.000000000000000000e+00
1.255130144087540200e+00
-8.142086547851807854e-01
1.000000000000000000e+00
7.250024134414059240e-01
-1.823578451178080595e+00
0.000000000000000000e+00
1.167423562720020680e+00
-3.022137155285129495e-01
0.000000000000000000e+00
-1.331111164626139765e+00
1.735578573066553387e+00
1.000000000000000000e+00
-7.623903312241856467e-01
2.000514327120705982e-02
1.000000000000000000e+00
-6.672279070334006246e-01
-5.035606601844779817e-01
1.000000000000000000e+00
-1.366987275308412020e+00
1.197477257844572929e+00
0.000000000000000000e+00
8.111678120174294904e-01
-1.742299215301120086e+00
0.000000000000000000e+00
1.111839323721872441e+00
-8.869534274321787537e-01
0.000000000000000000e+00
-5.743122418061907819e-02
1.264839167769278960e+00
1.000000000000000000e+00
-1.265437135921778200e+00
1.791299576149103512e+00
1.000000000000000000e+00
7.898240373572432693e-01
-1.517860504585007320e+00
0.000000000000000000e+00
-1.440751559909253299e+00
5.502034545689757916e-01
1.000000000000000000e+00
1.048192493644833023e+00
-8.181404212369683959e-01
0.000000000000000000e+00
-1.457163028708769126e+00
5.063658125300856128e-01
0.000000000000000000e+00
1.215982315623651999e+00
-4.725153558349035610e-01
1.000000000000000000e+00
8.292778880498712368e-01
-1.741786310029248330e+00
1.000000000000000000e+00
-2.112759166208977302e-01
4.317619891449909764e-01
1.000000000000000000e+00
-2.112022551994724218e+00
3.444447117383343748e+00
1.000000000000000000e+00
9.557175727229541007e-01
-7.010540758405392481e-01
1.000000000000000000e+00
-1.147427484136502862e+00
2.038643614720065500e+00
1.000000000000000000e+00
9.364772000832000121e-01
-1.174183058697093607e+00
0.000000000000000000e+00
8.013972913624438643e-01
-1.239600717280357589e+00
1.000000000000000000e+00
8.316642904805002789e-01
-1.710236659143637539e+00
1.000000000000000000e+00
9.857870627781125661e-01
-1.402236628258561657e+00
1.000000000000000000e+00
-1.924916278467537323e+00
7.135559776962050460e-01
0.000000000000000000e+00
1.098674742536269511e+00
-2.493829757130257008e-01
0.000000000000000000e+00
9.243960452169975861e-01
-1.877291512753770153e+00
1.000000000000000000e+00
7.544794031582882088e-01
-1.513096918648352052e+00
0.000000000000000000e+00
1.075484165189841912e+00
-5.482451724459340703e-01
0.000000000000000000e+00
